-499
-497
-493
-492
-491
-490
-489
-488
-486
-483
-482
-480
-479
-478
-477
-475
-473
-472
-471
-466
-462
-461
-458
-457
-455
-454
-452
-451
-450
-448
-440
-438
-437
-436
-433
-431
-428
-427
-425
-424
-423
-421
-420
-419
-408
-407
-403
-401
-400
-398
-396
-395
-394
-392
-391
-389
-383
-382
-380
-379
-376
-375
-373
-367
-364
-358
-357
-355
-354
-353
-351
-348
-346
-344
-342
-333
-332
-331
-330
-329
-327
-326
-324
-323
-321
-319
-316
-315
-307
-306
-305
-304
-300
-299
-291
-286
-283
-282
-279
-278
-274
-270
-265
-264
-263
-261
-259
-254
-250
-249
-247
-240
-239
-238
-237
-236
-235
-234
-233
-228
-227
-220
-217
-216
-212
-204
-203
-201
-198
-195
-194
-190
-189
-187
-186
-183
-181
-178
-176
-175
-174
-171
-168
-167
-165
-162
-161
-157
-156
-155
-152
-151
-150
-149
-146
-142
-140
-135
-133
-131
-130
-126
-125
-122
-121
-119
-117
-115
-114
-112
-111
-109
-107
-103
-97
-95
-94
-91
-90
-89
-87
-86
-85
-83
-81
-78
-76
-75
-73
-72
-70
-69
-66
-64
-61
-60
-59
-57
-56
-53
-52
-51
-50
-49
-48
-47
-43
-42
-41
-39
-34
-33
-32
-31
-30
-29
-22
-21
-19
-15
-14
-13
-10
-9
-7
-6
-5
0
1
2
4
7
8
9
11
12
13
16
18
19
21
24
27
29
31
33
35
36
37
38
40
44
46
47
48
49
51
53
54
55
61
63
64
66
68
69
71
74
75
76
81
85
87
92
94
95
99
102
104
106
111
112
119
120
123
124
125
127
128
131
132
133
136
139
141
142
143
146
149
154
155
156
157
158
164
170
173
174
179
180
183
186
189
190
192
198
201
202
209
210
215
216
217
218
221
222
223
224
225
227
228
229
230
232
234
238
239
240
243
244
245
249
257
260
262
263
266
268
269
272
273
274
275
277
278
279
282
287
290
297
298
300
301
302
304
305
306
315
316
317
318
319
322
324
327
328
329
330
331
332
334
335
337
340
341
342
344
345
347
349
351
356
357
359
360
362
363
365
366
367
370
375
376
384
385
387
426
427
428
430
389
390
399
405
407
408
409
413
417
418
439
443
444
445
446
447
448
452
453
456
457
458
459
460
463
465
466
468
469
471
473
475
479
482
483
484
487
488
491
493

